#Übertragungspegeldifferenzen für Gebäude mit Holzbalkendeckenaufbau für 
#verschiedene Deckeneigenresonanzen zwischen 8 und 80 Hz
#gemäß DB Richtlinie 800.250x
#Stand 23.10.2015
#X Achse 8.0 10.0 12.5 16.0 20.0 25.0 31.5 40.0 50.0 62.5 80.0
#Y Achse 4  5  6.3  8  10  12.5  16  20  25  31.5  40  50  63  80  100  125  160  200  250  #315
#für 315 Hz wurden die Werte von 250 Hz übernommen, da für diese Frequenz keine Werte   #vorhanden sind und mit zunehmender Frequenz eine stärkere Dämpfung zu erwarten ist
#
5.14 3.77 2.19 0.99 -0.18 -0.49 -0.49 -0.24 -0.26 -0.5 -0.7
7.55 5.14 3.39 1.95 0.87 -0.16 -0.41 -0.49 -0.24 -0.26 -0.5
12.59 7.55 4.62 3.01 1.71 0.74 -0.13 -0.41 -0.49 -0.24 -0.26
20.00 12.59 6.79 4.11 2.64 1.46 0.62 -0.13 -0.41 -0.49 -0.24
10.64 20.00 11.33 6.03 3.60 2.26 1.22 0.62 -0.13 -0.41 -0.49
4.36 10.64 18.00 10.07 5.28 3.08 1.88 1.22 0.62 -0.13 -0.41
0.41 4.36 9.57 16.00 8.81 4.53 2.57 1.88 1.22 0.62 -0.13
-2.25 0.41 3.92 8.51 14.00 7.55 3.77 2.57 1.88 1.22 0.62
-3.78 -2.25 0.37 3.49 7.45 12.00 6.29 3.77 2.57 1.88 1.22
-4.60 -3.78 -2.03 0.33 3.05 6.38 10.00 6.29 3.77 2.57 1.88
-4.94 -4.60 -3.40 -1.80 0.29 2.61 5.32 10.00 6.29 3.77 2.57
-5.00 -4.94 -4.14 -3.02 -1.58 0.24 2.18 5.32 10.00 6.29 3.77
-5.00 -5.00 -4.44 -3.67 -2.65 -1.35 0.20 2.18 5.32 10.00 6.29
-5.00 -5.00 -4.51 -3.95 -3.22 -2.27 -1.13 0.20 2.18 5.32 10.00
-5.00 -5.00 -4.60 -4.14 -3.67 -2.65 -1.35 -1.13 0.20 2.18 5.32
-5.00 -5.00 -4.94 -4.44 -3.95 -3.22 -2.27 -1.35 -1.13 0.20 2.18
-5.00 -5.00 -5.00 -4.51 -4.14 -3.67 -2.65 -2.27 -1.35 -1.13 0.20
-5.00 -5.00 -5.00 -4.60 -4.44 -3.95 -3.22 -2.65 -2.27 -1.35 -1.13
-5.00 -5.00 -5.00 -4.94 -4.51 -4.14 -3.67 -3.22 -2.65 -2.27 -1.35
-5.00 -5.00 -5.00 -4.94 -4.51 -4.14 -3.67 -3.22 -2.65 -2.27 -1.35
