#Übertragungspegeldifferenzen für Gebäude mit Betondeckenaufbau für 
#verschiedene Deckeneigenresonanzen zwischen 8 und 80 Hz
#gemäß DB Richtlinie 800.250x
#Stand 23.10.2015
#X Achse 8.0 10.0 12.5 16.0 20.0 25.0 31.5 40.0 50.0 62.5 80.0
#Y Achse 4  5  6.3  8  10  12.5  16  20  25  31.5  40  50  63  80  100  125  160  200  250  #315
#für 315 Hz wurden die Werte von 250 Hz übernommen, da für diese Frequenz keine Werte   #vorhanden sind und mit zunehmender Frequenz eine stärkere Dämpfung zu erwarten ist
#
-0.51 -1.34 -1.48 -1.38 -1.41 -1.3 -1.25 -1.22 -1.63 -2.0 -2.5
1.42 -0.51 -1.34 -1.48 -1.21 -1.21 -1.09 -1.25 -1.22 -1.63 -2.0
6.88 1.42 -0.51 -1.34 -1.30 -1.04 -1.02 -1.09 -1.25 -1.22 -1.63
15.00 6.88 1.42 -0.51 -1.17 -1.11 -0.87 -1.02 -1.09 -1.25 -1.22
5.87 15.00 6.88 1.42 -0.44 -1.00 -0.94 -0.87 -1.02 -1.09 -1.25
0.17 5.87 15.00 6.88 1.24 -0.38 -0.85 -0.94 -0.87 -1.02 -1.09
-1.26 0.17 5.87 15.00 6.02 1.07 -0.32 -0.85 -0.94 -0.87 -1.02
-0.96 -1.26 0.17 5.87 13.12 5.17 0.90 -0.32 -0.85 -0.94 -0.87 
-2.58 -0.96 -1.26 0.17 5.13 11.26 4.36 0.90 -0.32 -0.85 -0.94
-3.50 -2.58 -0.96 -1.26 0.15 4.40 9.50 4.36 0.90 -0.32 -0.85
-3.47 -3.50 -2.58 -0.96 -1.10 0.13 3.72 9.50 4.36 0.90 -0.32
-4.78 -3.47 -3.50 -2.58 -0.84 -0.95 0.11 3.72 9.50 4.36 0.90
-5.00 -4.78 -3.47 -3.50 -2.26 -0.72 -0.80 0.11 3.72 9.50 4.36
-5.00 -5.00 -4.78 -3.47 -3.06 -1.94 -0.61 -0.80 0.11 3.72 9.50
-5.00 -5.00 -5.00 -4.78 -3.47 -2.26 -0.72 -0.72 -0.80 0.11 3.72
-5.00 -5.00 -5.00 -5.00 -4.78 -3.06 -1.94 -1.94 -0.72 -0.80 0.11
-5.00 -5.00 -5.00 -5.00 -5.00 -3.47 -2.26 -2.26 -1.94 -0.72 -0.80
-5.00 -5.00 -5.00 -5.00 -5.00 -4.78 -3.06 -3.06 -2.26 -1.94 -0.72
-5.00 -5.00 -5.00 -5.00 -5.00 -5.00 -3.47 -3.47 -3.06 -2.26 -1.94
-5.00 -5.00 -5.00 -5.00 -5.00 -5.00 -3.47 -3.47 -3.06 -2.26 -1.94
